OpCode	Camera	MovieSeqIndex	StartTimeOffset	Format	Filename	Frames	Rate
CF1-1	0	0	0.00000	1	CF1-1_L9_GX010013.MP4	255726	59.94018
CF1-1	1	0	0.00000	1	CF1-1_R9_GX010011.MP4	253942	59.94006
CF1-2	0	0	0.00000	1	CF1-2_R1_GX010014.MP4	207360	59.94018
CF1-2	0	0	0.00000	1	CF1-2_R1_GX020014.MP4	51612	59.94018
CF1-3	0	0	0.00000	1	CF1-3_L8_GX010011_1.MP4	203520	59.94018
CF1-3	0	0	0.00000	1	CF1-3_L8_GX020011_2.MP4	77746	59.94018
CF1-3	1	0	0.00000	1	CF1-3_R8_GX010005_1.MP4	203520	59.94006
CF1-3	1	0	0.00000	1	CF1-3_R8_GX020005_2.MP4	80390	59.94006
CF1-4	0	0	0.00000	1	CF1-4_L2_GX010014.MP4	273512	59.94018
CF1-4	1	0	0.00000	1	CF1-4_R2_GX010010.MP4	273066	59.94006
CF1-5	0	0	0.00000	1	CF1-5_R4_10014.MP4	260043	59.94018
CF2-1	0	0	0.00000	1	CF2-1_L5_GX010012_1.MP4	195840	59.94018
CF2-1	0	0	0.00000	1	CF2-1_L5_GX020012_2.MP4	99164	59.94018
CF2-1	1	0	0.00000	1	CF2-1_R5_GX010016_1.MP4	192000	59.94006
CF2-1	1	0	0.00000	1	CF2-1_R5_GX020016_2.MP4	101838	59.94006
CF2-2	0	0	0.00000	1	CF2-2_L10__GX010019_1.MP4	199680	59.94018
CF2-2	1	0	0.00000	1	CF2-2_R10__GX010015_1.MP4	195840	59.94006
CF2-2	1	0	0.00000	1	CF2-2_R10__GX020015_2.MP4	108335	59.94006
CF2-3	0	0	0.00000	1	CF2-3_L7_GX010011_1.MP4	226560	59.94018
CF2-3	0	0	0.00000	1	CF2-3_L7_GX020011_2.MP4	77121	59.94018
CF2-3	1	0	0.00000	1	CF2-3_R7_GX010014_1.MP4	211200	59.94006
CF2-3	1	0	0.00000	1	CF2-3_R7_GX020014_2.MP4	94234	59.94006
CF2-4	0	0	0.00000	1	CF2-4_L3_GX010014_1.MP4	291841	59.94018
CF2-4	0	0	0.00000	1	CF2-4_L3_GX020014_2.MP4	646	59.94018
CF2-4	1	0	0.00000	1	CF2-4_R3_GX010015.MP4	291697	59.94006
CF2-5	0	0	0.00000	1	CF2-5_L6_GX010021.MP4	285104	59.94018
CF2-5	1	0	0.00000	1	CF2-5_R6_GX010029.MP4	286885	59.94006
CF3-1	0	0	0.00000	1	CF3-1_L8_GX010014.MP4	265521	59.94018
CF3-1	1	0	0.00000	1	CF3-1_R8_GX010008.MP4	267278	59.94006
CF3-2	0	0	0.00000	1	CF3-2_L1_GX010018.MP4	274907	59.94018
CF3-2	1	0	0.00000	1	CF3-2_R1_GX010017_1.MP4	249600	59.94006
CF3-2	1	0	0.00000	1	CF3-2_R1_GX020017_2.MP4	25057	59.94006
CF3-3	0	0	0.00000	1	CF3-3_L2_GX010017_1.MP4	207360	59.94018
CF3-3	0	0	0.00000	1	CF3-3_L2_GX020017_2.MP4	71817	59.94018
CF3-3	1	0	0.00000	1	CF3-3_R2_GX010013_1.MP4	218880	59.94006
CF3-3	1	0	0.00000	1	CF3-3_R2_GX020013_2.MP4	56479	59.94006
CF3-4	0	0	0.00000	1	CF3-4_L9_GX010017.MP4	258879	59.94018
CF3-4	1	0	0.00000	1	CF3-4_R9_GX010014.MP4	260437	59.94018
CF3-5	0	0	0.00000	1	CF3-5_L4_GX010018.MP4	255408	59.94018
CF3-5	1	0	0.00000	1	CF3-5_R4_GX010017.MP4	257673	59.94006
CF4-1	0	0	0.00000	1	CF4-1_L3_GX010013.MP4	275772	59.94018
CF4-1	1	0	0.00000	1	CF4-1_R3_GX010014.MP4	277682	59.94006
CF4-2	0	0	0.00000	1	CF4-2_L1_GX010017_1.MP4	280321	59.94018
CF4-2	0	0	0.00000	1	CF4-2_L1_GX020017_2.MP4	1320	59.94018
CF4-2	1	0	0.00000	1	CF4-2_R1_GX010016_1.MP4	226560	59.94018
CF4-2	1	0	0.00000	1	CF4-2_R1_GX020016_2.MP4	56556	59.94018
CF4-3	0	0	0.00000	1	CF4-3_L7_GX010010.MP4	284827	59.94018
CF4-3	1	0	0.00000	1	CF4-3_R7_GX010013.MP4	287193	59.94006
CF4-4	0	0	0.00000	1	CF4-4_L10__GX010017_1.MP4	291841	59.94018
CF4-4	0	0	0.00000	1	CF4-4_L10__GX020017_2.MP4	2279	59.94018
CF4-4	1	0	0.00000	1	CF4-4_R10__GX010014_1.MP4	291840	59.94006
CF4-4	1	0	0.00000	1	CF4-4_R10__GX020014_2.MP4	4216	59.94006
CF4-5	0	0	0.00000	1	CF4-5_L6_GX010020_1.MP4	199680	59.94018
CF4-5	0	0	0.00000	1	CF4-5_L6_GX020020_2.MP4	82510	59.94018
CF4-5	1	0	0.00000	1	CF4-5_R6_GX010028_1.MP4	192000	59.94006
CF4-5	1	0	0.00000	1	CF4-5_R6_GX020028_2.MP4	92407	59.94006
CF5-1	0	0	0.00000	1	CF5-1_L8_GX010013.MP4	268573	59.94018
CF5-1	1	0	0.00000	1	CF5-1_R8_GX010007.MP4	265925	59.94006
CF5-2	0	0	0.00000	1	CF5-2_L5_GX010011_1.MP4	222720	59.94018
CF5-2	0	0	0.00000	1	CF5-2_L5_GX020011_2.MP4	44941	59.94018
CF5-2	1	0	0.00000	1	CF5-2_R5_GX010015_1.MP4	241920	59.94006
CF5-2	1	0	0.00000	1	CF5-2_R5_GX020015_2.MP4	28009	59.94006
CF5-3	0	0	0.00000	1	CF5-3_L4_GX010017_1.MP4	226560	59.94018
CF5-3	0	0	0.00000	1	CF5-3_L4_GX020017_2.MP4	26139	59.94018
CF5-3	1	0	0.00000	1	CF5-3_R4_GX010016_1.MP4	234240	59.94006
CF5-3	1	0	0.00000	1	CF5-3_R4_GX020016_2.MP4	17068	59.94006
CF5-4	0	0	0.00000	1	CF5-4_L9_GX010016_1.MP4	199680	59.94018
CF5-4	0	0	0.00000	1	CF5-4_L9_GX020016_2.MP4	46362	59.94018
CF5-4	1	0	0.00000	1	CF5-4_R9_GX010013_1.MP4	199680	59.94006
CF5-4	1	0	0.00000	1	CF5-4_R9_GX020013_2.MP4	47434	59.94006
CF5-5	0	0	0.00000	1	CF5-5_L2_GX010016.MP4	257482	59.94018
CF5-5	1	0	0.00000	1	CF5-5_R2_GX010012.MP4	257697	59.94006
CF6-1	0	0	0.00000	1	CF6-1_L5_GX010010_1.MP4	272641	59.94018
CF6-1	0	0	0.00000	1	CF6-1_L5_GX020010_2.MP4	39628	59.94018
CF6-1	1	0	0.00000	1	CF6-1_R5_GX010014_1.MP4	264960	59.94006
CF6-1	1	0	0.00000	1	CF6-1_R5_GX020014_2.MP4	45196	59.94006
CF6-2	0	0	0.00000	1	CF6-2_L6_GX010019_1.MP4	291841	59.94018
CF6-2	0	0	0.00000	1	CF6-2_L6_GX020019_2.MP4	13919	59.94018
CF6-2	1	0	0.00000	1	CF6-2_R6_GX010027_1.MP4	291840	59.94006
CF6-2	1	0	0.00000	1	CF6-2_R6_GX020027_2.MP4	15970	59.94006
CF6-3	0	0	0.00000	1	CF6-3_L3_GX010012_1.MP4	195840	59.94018
CF6-3	0	0	0.00000	1	CF6-3_L3_GX020012_2.MP4	115373	59.94018
CF6-3	1	0	0.00000	1	CF6-3_R3_GX010013_1.MP4	195840	59.94006
CF6-3	1	0	0.00000	1	CF6-3_R3_GX020013_2.MP4	117509	59.94006
CF6-4	0	0	0.00000	1	CF6-4_L10__GX010016_1.MP4	291841	59.94018
CF6-4	0	0	0.00000	1	CF6-4_L10__GX020016_2.MP4	18014	59.94018
CF6-4	1	0	0.00000	1	CF6-4_R10__GX010013_1.MP4	291840	59.94006
CF6-4	1	0	0.00000	1	CF6-4_R10__GX020013_2.MP4	16339	59.94006
CF6-5	0	0	0.00000	1	CF6-5_L7_GX010009_1.MP4	291841	59.94018
CF6-5	0	0	0.00000	1	CF6-5_L7_GX020009_2.MP4	16828	59.94018
CF6-5	1	0	0.00000	1	CF6-5_R7_GX010012_1.MP4	291840	59.94006
CF6-5	1	0	0.00000	1	CF6-5_R7_GX020012_2.MP4	19097	59.94006
CF7-1	0	0	0.00000	1	CF7-1_L2_GX010015_1.MP4	199680	59.94018
CF7-1	0	0	0.00000	1	CF7-1_L2_GX020015_2.MP4	97103	59.94018
CF7-1	1	0	0.00000	1	CF7-1_R2_GX010011_1.MP4	195840	59.94006
CF7-1	1	0	0.00000	1	CF7-1_R2_GX020011_2.MP4	98911	59.94006
CF7-2	0	0	0.00000	1	CF7-2_L9_GX010014.MP4	271156	59.94018
CF7-2	1	0	0.00000	1	CF7-2_R9_GX010012.MP4	272169	59.94006
CF7-3	0	0	0.00000	1	CF7-3_L4_GX010016.MP4	263403	59.94018
CF7-3	1	0	0.00000	1	CF7-3_R4_GX010015.MP4	268805	59.94006
CF7-4	0	0	0.00000	1	CF7-4_L1_GX010016_1.MP4	192000	59.94018
CF7-4	0	0	0.00000	1	CF7-4_L1_GX020016_2.MP4	103559	59.94018
CF7-4	1	0	0.00000	1	CF7-4_R1_GX010015_1.MP4	192000	59.94006
CF7-4	1	0	0.00000	1	CF7-4_R1_GX020015_2.MP4	103197	59.94006
CF7-5	0	0	0.00000	1	CF7-5_L8_GX010012_1.MP4	195840	59.94018
CF7-5	0	0	0.00000	1	CF7-5_L8_GX020012_2.MP4	86881	59.94018
CF7-5	1	0	0.00000	1	CF7-5_R8_GX010006_1.MP4	192000	59.94006
CF7-5	1	0	0.00000	1	CF7-5_R8_GX020006_2.MP4	92731	59.94006
CL1-1	0	0	0.00000	1	CL1-1_L10__GX010020_1.MP4	195840	59.94018
CL1-1	0	0	0.00000	1	CL1-1_L10__GX020020_2.MP4	64375	59.94018
CL1-1	1	0	0.00000	1	CL1-1_R10__GX010016_1.MP4	195840	59.94006
CL1-1	1	0	0.00000	1	CL1-1_R10__GX020016_2.MP4	63876	59.94006
CL1-2	0	0	0.00000	1	CL1-2_L6_GX010022_1.MP4	249600	59.94018
CL1-2	0	0	0.00000	1	CL1-2_L6_GX020022_2.MP4	515	59.94018
CL1-2	1	0	0.00000	1	CL1-2_R6_GX010030_1.MP4	218880	59.94006
CL1-2	1	0	0.00000	1	CL1-2_R6_GX020030_2.MP4	32175	59.94006
CL1-3	0	0	0.00000	1	CL1-3_L7_GX010012.MP4	256916	59.94018
CL1-3	1	0	0.00000	1	CL1-3_R7_GX010015_1.MP4	245760	59.94006
CL1-3	1	0	0.00000	1	CL1-3_R7_GX020015_2.MP4	12170	59.94006
CL1-4	0	0	0.00000	1	CL1-4_L5_GX010013_1.MP4	226560	59.94018
CL1-4	0	0	0.00000	1	CL1-4_L5_GX020013_2.MP4	19364	59.94018
CL1-4	1	0	0.00000	1	CL1-4_R5_GX010017_1.MP4	230400	59.94006
CL1-4	1	0	0.00000	1	CL1-4_R5_GX020017_2.MP4	15290	59.94006
CL1-5	0	0	0.00000	1	CL1-5_L3_GX010015.MP4	268725	59.94018
CL1-5	1	0	0.00000	1	CL1-5_R3_GX010016.MP4	266251	59.94006
CL2-1	0	0	0.00000	1	CL2-1_L9_GX010018_1.MP4	192000	59.94018
CL2-1	0	0	0.00000	1	CL2-1_L9_GX020018_2.MP4	94638	59.94018
CL2-1	1	0	0.00000	1	CL2-1_R9_GX010015_1.MP4	192000	59.94006
CL2-1	1	0	0.00000	1	CL2-1_R9_GX020015_2.MP4	94877	59.94006
CL2-2	0	0	0.00000	1	CL2-2_L1_GX010019.MP4	278669	59.94018
CL2-2	1	0	0.00000	1	CL2-2_R1_GX010018.MP4	275987	59.94006
CL2-3	0	0	0.00000	1	CL2-3_L4_GX010019_1.MP4	234240	59.94018
CL2-3	0	0	0.00000	1	CL2-3_L4_GX020019_2.MP4	61682	59.94018
CL2-3	1	0	0.00000	1	CL2-3_R4_GX010018_1.MP4	264960	59.94006
CL2-3	1	0	0.00000	1	CL2-3_R4_GX020018_2.MP4	28982	59.94006
CL2-4	0	0	0.00000	1	CL2-4_L2_GX010018_1.MP4	211200	59.94006
CL2-4	0	0	0.00000	1	CL2-4_L2_GX020018_2.MP4	74551	59.94006
CL2-4	1	0	0.00000	1	CL2-4_R2_GX010014_1.MP4	211200	59.94006
CL2-4	1	0	0.00000	1	CL2-4_R2_GX020014_2.MP4	71698	59.94006
CL2-5	0	0	0.00000	1	CL2-5_L8_GX010015_1.MP4	199680	59.94018
CL2-5	0	0	0.00000	1	CL2-5_L8_GX020015_2.MP4	92332	59.94018
CL2-5	1	0	0.00000	1	CL2-5_R8_GX010010_1.MP4	192000	59.94006
CL2-5	1	0	0.00000	1	CL2-5_R8_GX020010_1.MP4	87185	59.94006
CL3-1	0	0	0.00000	1	CL3-1_L9_GX010019.MP4	269170	59.94018
CL3-1	1	0	0.00000	1	CL3-1_R9_GX010016.MP4	269233	59.94006
CL3-2	0	0	0.00000	1	CL3-2_L2_GX010019_1.MP4	195840	59.94018
CL3-2	0	0	0.00000	1	CL3-2_L2_GX020019_2.MP4	63866	59.94018
CL3-2	1	0	0.00000	1	CL3-2_R2_GX010015_1.MP4	195840	59.94006
CL3-2	1	0	0.00000	1	CL3-2_R2_GX020015_2.MP4	62178	59.94006
CL3-3	0	0	0.00000	1	CL3-3_L4_GX010020_1.MP4	199680	59.94018
CL3-3	0	0	0.00000	1	CL3-3_L4_GX020020_2.MP4	60512	59.94018
CL3-3	1	0	0.00000	1	CL3-3_R4_GX010019_1.MP4	230400	59.94006
CL3-3	1	0	0.00000	1	CL3-3_R4_GX020019_2.MP4	29043	59.94006
CL3-4	0	0	0.00000	1	CL3-4_L1_GX010020.MP4	276893	59.94018
CL3-4	1	0	0.00000	1	CL3-4_R1_GX010019.MP4	276452	59.94006
CL3-5	0	0	0.00000	1	CL3-5_L8_GX010016.MP4	247969	59.94018
CL3-5	1	0	0.00000	1	CL3-5_R8_GX010011.MP4	247808	59.94006
CL4-1	0	0	0.00000	1	CL4-1_L10__GX010021_1.MP4	218880	59.94018
CL4-1	0	0	0.00000	1	CL4-1_L10__GX020021_2.MP4	87569	59.94018
CL4-2	0	0	0.00000	1	CL4-2_L3_GX010016_1.MP4	192000	59.94018
CL4-2	0	0	0.00000	1	CL4-2_L3_GX020016_2.MP4	97367	59.94018
CL4-2	1	0	0.00000	1	CL4-2_R3_GX010017_1.MP4	195840	59.94006
CL4-2	1	0	0.00000	1	CL4-2_R3_GX020017_2.MP4	95697	59.94006
CL4-3	0	0	0.00000	1	CL4-3_L6_GX010023_1.MP4	291841	59.94018
CL4-3	0	0	0.00000	1	CL4-3_L6_GX020023_2.MP4	4439	59.94018
CL4-3	1	0	0.00000	1	CL4-3_R6_GX010031_1.MP4	291840	59.94006
CL4-3	1	0	0.00000	1	CL4-3_R6_GX020031_2.MP4	5254	59.94006
CL4-4	0	0	0.00000	1	CL4-4_L7_GX010013_1.MP4	218880	59.94018
CL4-4	0	0	0.00000	1	CL4-4_L7_GX020013_2.MP4	99248	59.94018
CL4-4	1	0	0.00000	1	CL4-4_R7_GX010016_1.MP4	245760	59.94006
CL4-4	1	0	0.00000	1	CL4-4_R7_GX020016_2.MP4	70156	59.94006
CL4-5	0	0	0.00000	1	CL4-5_L5_GX010014_1.MP4	195840	59.94018
CL4-5	0	0	0.00000	1	CL4-5_L5_GX020014_2.MP4	106074	59.94018
CL4-5	1	0	0.00000	1	CL4-5_R5_GX010018_1.MP4	199680	59.94006
CL4-5	1	0	0.00000	1	CL4-5_R5_GX020018_2.MP4	106060	59.94006
CL5-1	0	0	0.00000	1	CL5-1_R9_GX010018_1.MP4	211200	59.94018
CL5-1	0	0	0.00000	1	CL5-1_R9_GX020018_2.MP4	31916	59.94018
CL5-1	1	0	0.00000	1	CL5-1_L9_GX010021_1.MP4	207360	59.94006
CL5-1	1	0	0.00000	1	CL5-1_L9_GX020021_2.MP4	36312	59.94006
CL5-2	0	0	0.00000	1	CL5-2_L6_GX010025.MP4	264162	59.94018
CL5-2	1	0	0.00000	1	CL5-2_R6_GX010033.MP4	264976	59.94006
CL5-3	0	0	0.00000	1	CL5-3_L1_GX010022.MP4	255931	59.94018
CL5-3	1	0	0.00000	1	CL5-3_R1_GX010021.MP4	254998	59.94006
CL5-4	0	0	0.00000	1	CL5-4_L3_GX010018.MP4	275009	59.94018
CL5-4	1	0	0.00000	1	CL5-4_R3_GX010019.MP4	273231	59.94006
CL5-5	0	0	0.00000	1	CL5-5_L2_GX010021_1.MP4	195840	59.94018
CL5-5	0	0	0.00000	1	CL5-5_L2_GX020021_2.MP4	45248	59.94018
CL5-5	1	0	0.00000	1	CL5-5_R2_GX010017_1.MP4	192000	59.94006
CL5-5	1	0	0.00000	1	CL5-5_R2_GX020017_2.MP4	43205	59.94006
CL6-1	0	0	0.00000	1	CL6-1_L9_GX010020_1.MP4	192000	59.94018
CL6-1	0	0	0.00000	1	CL6-1_L9_GX020020_2.MP4	53836	59.94018
CL6-1	1	0	0.00000	1	CL6-1_R9_GX010017_1.MP4	203520	59.94006
CL6-1	1	0	0.00000	1	CL6-1_R9_GX020017_2.MP4	43658	59.94006
CL6-2	0	0	0.00000	1	CL6-2_L1_GX010021_1.MP4	192000	59.94018
CL6-2	0	0	0.00000	1	CL6-2_L1_GX020021_2.MP4	45114	59.94018
CL6-2	1	0	0.00000	1	CL6-2_R1_GX010020_1.MP4	192000	59.94006
CL6-2	1	0	0.00000	1	CL6-2_R1_GX020020_2.MP4	47291	59.94006
CL6-3	0	0	0.00000	1	CL6-3_L6_GX010024_1.MP4	199680	59.94018
CL6-3	0	0	0.00000	1	CL6-3_L6_GX020024_2.MP4	33416	59.94018
CL6-3	1	0	0.00000	1	CL6-3_R6_GX010032_1.MP4	199680	59.94006
CL6-3	1	0	0.00000	1	CL6-3_R6_GX020032_2.MP4	32316	59.94006
CL6-4	0	0	0.00000	1	CL6-4_R8_GX010012_1.MP4	222720	59.94018
CL6-4	0	0	0.00000	1	CL6-4_R8_GX020012_2.MP4	31812	59.94018
CL6-5	0	0	0.00000	1	CL6-5_L2_GX010020_1.MP4	199680	59.94018
CL6-5	0	0	0.00000	1	CL6-5_L2_GX020020_2.MP4	51744	59.94018
CL6-5	1	0	0.00000	1	CL6-5_R2_GX010016_1.MP4	195840	59.94006
CL6-5	1	0	0.00000	1	CL6-5_R2_GX020016_2.MP4	55178	59.94006
CL7-1	0	0	0.00000	1	CL7-1_L4_GX010021.MP4	277764	59.94018
CL7-1	1	0	0.00000	1	CL7-1_R4_GX010020.MP4	276204	59.94006
CL7-2	0	0	0.00000	1	CL7-2_L3_GX010017.MP4	264609	59.94018
CL7-2	1	0	0.00000	1	CL7-2_R3_GX010018.MP4	266378	59.94006
CL7-3	0	0	0.00000	1	CL7-3_L7_GX010014.MP4	284867	59.94018
CL7-3	1	0	0.00000	1	CL7-3_R7_GX010017.MP4	283055	59.94006
CL7-4	0	0	0.00000	1	CL7-4_L5_GX010015_1.MP4	215040	59.94018
CL7-4	0	0	0.00000	1	CL7-4_L5_GX020015_2.MP4	60444	59.94018
CL7-4	1	0	0.00000	1	CL7-4_R5_GX010020_1.MP4	222720	59.94006
CL7-4	1	0	0.00000	1	CL7-4_R5_GX020020_2.MP4	49922	59.94006
CNB1-1	0	0	0.00000	1	CNB1-1_L10__GX010005_1.MP4	291841	59.94018
CNB1-1	1	0	0.00000	1	CNB1-1_R10__GX010003_1.MP4	291840	59.94006
CNB1-1	1	0	0.00000	1	CNB1-1_R10__GX020003_2.MP4	65735	59.94006
CNB1-2	0	0	0.00000	1	CNB1-2_L2_GX010004_1.MP4	226560	59.94018
CNB1-2	0	0	0.00000	1	CNB1-2_L2_GX020004_2.MP4	114494	59.94018
CNB1-3	0	0	0.00000	1	CNB1-3_L4_10002_1.MP4	291841	59.94018
CNB1-3	1	0	0.00000	1	CNB1-3_R4_10002_1.MP4	291840	59.94006
CNB1-4	0	0	0.00000	1	CNB1-4_L5_GX010002_1.MP4	291841	59.94018
CNB1-4	1	0	0.00000	1	CNB1-4_R5_GX010002_1.MP4	291840	59.94006
CNB1-4	1	0	0.00000	1	CNB1-4_R5_GX020002_2.MP4	45646	59.94006
CNB1-5	0	0	0.00000	1	CNB1-5_L8_GX010002_1.MP4	257281	59.94018
CNB1-5	0	0	0.00000	1	CNB1-5_L8_GX020002_2.MP4	57460	59.94018
CNB2-1	0	0	0.00000	1	CNB2-1_L7_GX010005_1.MP4	234240	59.94018
CNB2-1	1	0	0.00000	1	CNB2-1_R7_GX010003_1.MP4	234240	59.94006
CNB2-2	0	0	0.00000	1	CNB2-2_L6_GX010008.MP4	275233	59.94018
CNB2-2	1	0	0.00000	1	CNB2-2_R6_GX010015.MP4	273410	59.94006
CNB2-3	0	0	0.00000	1	CNB2-3_L9_GX010002_1.MP4	195840	59.94018
CNB2-3	0	0	0.00000	1	CNB2-3_L9_GX020002_2.MP4	56598	59.94018
CNB2-3	1	0	0.00000	1	CNB2-3_R9_GX010002_1.MP4	195840	59.94006
CNB2-3	1	0	0.00000	1	CNB2-3_R9_GX020002_2.MP4	54053	59.94006
CNB2-4	0	0	0.00000	1	CNB2-4_L3_GX010005_1.MP4	215040	59.94018
CNB2-4	0	0	0.00000	1	CNB2-4_L3_GX020005_2.MP4	31200	59.94018
CNB2-4	1	0	0.00000	1	CNB2-4_R3_GX010003_1.MP4	226560	59.94006
CNB2-4	1	0	0.00000	1	CNB2-4_R3_GX020003_2.MP4	17884	59.94006
CNB2-5	0	0	0.00000	1	CNB2-5_L1_GX010004.MP4	252618	59.94018
CNB2-5	1	0	0.00000	1	CNB2-5_R1_GX010002.MP4	251626	59.94006
CNB3-1	0	0	0.00000	1	CNB3-1_L7_GX010006.MP4	269516	59.94006
CNB3-1	1	0	0.00000	1	CNB3-1_R7_GX010004.MP4	255214	59.94006
CNB3-2	0	0	0.00000	1	CNB3-2_L9_GX010003.MP4	262675	59.94018
CNB3-2	1	0	0.00000	1	CNB3-2_R9_GX010003.MP4	261318	59.94006
CNB3-3	0	0	0.00000	1	CNB3-3_L1_GX010005_1.MP4	195840	59.94018
CNB3-3	0	0	0.00000	1	CNB3-3_L1_GX020005_2.MP4	69448	59.94018
CNB3-3	1	0	0.00000	1	CNB3-3_R1_GX010003_1.MP4	195840	59.94006
CNB3-3	1	0	0.00000	1	CNB3-3_R1_GX020003_2.MP4	72726	59.94006
CNB3-4	0	0	0.00000	1	CNB3-4_L4_10003.MP4	273425	59.94018
CNB3-4	1	0	0.00000	1	CNB3-4_R4_10003.MP4	273818	59.94006
CNB3-5	0	0	0.00000	1	CNB3-5_L2_GX010005_1.MP4	195840	59.94018
CNB3-5	0	0	0.00000	1	CNB3-5_L2_GX020005_2.MP4	77623	59.94018
CNB3-5	1	0	0.00000	1	CNB3-5_R2_GX010004_1.MP4	195840	59.94006
CNB3-5	1	0	0.00000	1	CNB3-5_R2_GX020004_2.MP4	75559	59.94006
CNB4-1	0	0	0.00000	1	CNB4-1_L10__GX010006_1.MP4	195840	59.94018
CNB4-1	0	0	0.00000	1	CNB4-1_L10__GX020006_2.MP4	98909	59.94018
CNB4-1	1	0	0.00000	1	CNB4-1_R10__GX010004_1.MP4	195840	59.94006
CNB4-1	1	0	0.00000	1	CNB4-1_R10__GX020004_2.MP4	98313	59.94006
CNB4-2	0	0	0.00000	1	CNB4-2_L6_GX010009_1.MP4	291841	59.94018
CNB4-2	0	0	0.00000	1	CNB4-2_L6_GX020009_2.MP4	6909	59.94018
CNB4-2	1	0	0.00000	1	CNB4-2_R6_GX010016_1.MP4	291840	59.94006
CNB4-2	1	0	0.00000	1	CNB4-2_R6_GX020016_2.MP4	7084	59.94006
CNB4-3	0	0	0.00000	1	CNB4-3_L5_GX010003_1.MP4	192000	59.94018
CNB4-3	0	0	0.00000	1	CNB4-3_L5_GX020003_2.MP4	120965	59.94018
CNB4-3	1	0	0.00000	1	CNB4-3_R5_GX010003_1.MP4	192000	59.94006
CNB4-3	1	0	0.00000	1	CNB4-3_R5_GX020003_2.MP4	121505	59.94006
CNB4-4	0	0	0.00000	1	CNB4-4_L8_GX010003_1.MP4	291841	59.94018
CNB4-4	0	0	0.00000	1	CNB4-4_L8_GX020003_2.MP4	24490	59.94018
CNB4-4	1	0	0.00000	1	CNB4-4_R8_GX010003_1.MP4	291840	59.94006
CNB4-4	1	0	0.00000	1	CNB4-4_R8_GX020003_2.MP4	33782	59.94006
CNB4-5	0	0	0.00000	1	CNB4-5_L3_GX010006_1.MP4	291841	59.94018
CNB4-5	0	0	0.00000	1	CNB4-5_L3_GX020006_2.MP4	34367	59.94018
CNB4-5	1	0	0.00000	1	CNB4-5_R3_GX010004_1.MP4	288000	59.94006
CNB5-1	0	0	0.00000	1	CNB5-1_L1_GX010009_1.MP4	199680	59.94018
CNB5-1	0	0	0.00000	1	CNB5-1_L1_GX020009_2.MP4	46250	59.94018
CNB5-1	1	0	0.00000	1	CNB5-1_R1_GX010008_1.MP4	195840	59.94006
CNB5-1	1	0	0.00000	1	CNB5-1_R1_GX020008_2.MP4	45147	59.94006
CNB5-2	0	0	0.00000	1	CNB5-2_L4_GX010007.MP4	239685	59.94018
CNB5-2	1	0	0.00000	1	CNB5-2_R4_GX010007.MP4	240554	59.94006
CNB5-3	0	0	0.00000	1	CNB5-3_L8_GX010007_1.MP4	192000	59.94018
CNB5-3	0	0	0.00000	1	CNB5-3_L8_GX020007_2.MP4	53853	59.94018
CNB5-5	0	0	0.00000	1	CNB5-5_L10__GX010010.MP4	246615	59.94018
CNB5-5	1	0	0.00000	1	CNB5-5_R10__GX010008.MP4	246103	59.94006
CNB6-1	0	0	0.00000	1	CNB6-1_L1_GX010014_1.MP4	199680	59.94018
CNB6-1	0	0	0.00000	1	CNB6-1_L1_GX020014_2.MP4	77827	59.94018
CNB6-1	1	0	0.00000	1	CNB6-1_R1_GX010013_1.MP4	199680	59.94006
CNB6-1	1	0	0.00000	1	CNB6-1_R1_GX020013_2.MP4	72852	59.94006
CNB6-2	0	0	0.00000	1	CNB6-2_L10__GX010015_1.MP4	192000	59.94018
CNB6-2	0	0	0.00000	1	CNB6-2_L10__GX020015_2.MP4	68346	59.94018
CNB6-2	1	0	0.00000	1	CNB6-2_R10__GX010012_1.MP4	192000	59.94006
CNB6-2	1	0	0.00000	1	CNB6-2_R10__GX020012_2.MP4	67571	59.94006
CNB6-3	0	0	0.00000	1	CNB6-3_L5_GX010009_1.MP4	195840	59.94018
CNB6-3	0	0	0.00000	1	CNB6-3_L5_GX020009_2.MP4	66508	59.94018
CNB6-3	1	0	0.00000	1	CNB6-3_R5_GX010013_1.MP4	218880	59.94006
CNB6-3	1	0	0.00000	1	CNB6-3_R5_GX020013_2.MP4	42396	59.94006
CNB6-4	0	0	0.00000	1	CNB6-4_L6_GX010018_1.MP4	195840	59.94018
CNB6-4	0	0	0.00000	1	CNB6-4_L6_GX020018_2.MP4	67235	59.94018
CNB6-4	1	0	0.00000	1	CNB6-4_R6_GX010026_1.MP4	195840	59.94006
CNB6-4	1	0	0.00000	1	CNB6-4_R6_GX020026_2.MP4	69407	59.94006
CNB6-5	0	0	0.00000	1	CNB6-5_L8_GX010010_1.MP4	249600	59.94018
CNB6-5	0	0	0.00000	1	CNB6-5_L8_GX020010_2.MP4	18471	59.94018
CNB6-5	1	0	0.00000	1	CNB6-5_R8_GX010004_1.MP4	218880	59.94006
CNB6-5	1	0	0.00000	1	CNB6-5_R8_GX020004_2.MP4	47717	59.94006
CNB7-1	0	0	0.00000	1	CNB7-1_L1_GX010013_1.MP4	195840	59.94018
CNB7-1	0	0	0.00000	1	CNB7-1_L1_GX020013_2.MP4	79579	59.94018
CNB7-1	1	0	0.00000	1	CNB7-1_R1_GX010012_1.MP4	195840	59.94006
CNB7-1	1	0	0.00000	1	CNB7-1_R1_GX020012_2.MP4	78089	59.94006
CNB7-2	0	0	0.00000	1	CNB7-2_L4_GX010013_1.MP4	199680	59.94018
CNB7-2	0	0	0.00000	1	CNB7-2_L4_GX020013_2.MP4	72889	59.94018
CNB7-2	1	0	0.00000	1	CNB7-2_R4_GX010012_1.MP4	211200	59.94006
CNB7-2	1	0	0.00000	1	CNB7-2_R4_GX020012_2.MP4	66426	59.94006
CNB7-3	0	0	0.00000	1	CNB7-3_L9_GX010012_1.MP4	195840	59.94018
CNB7-3	0	0	0.00000	1	CNB7-3_L9_GX020012_2.MP4	140941	59.94018
CNB7-4	0	0	0.00000	1	CNB7-4_L4_GX010014_1.MP4	291841	59.94018
CNB7-4	1	0	0.00000	1	CNB7-4_R4_GX010013_1.MP4	291840	59.94006
CNB7-4	1	0	0.00000	1	CNB7-4_R4_GX020013_2.MP4	58684	59.94006
CNB7-5	0	0	0.00000	1	CNB7-5_L9_GX010011_1.MP4	192000	59.94018
CNB7-5	0	0	0.00000	1	CNB7-5_L9_GX020011_2.MP4	88087	59.94018
CNB7-5	1	0	0.00000	1	CNB7-5_R9_GX010010_1.MP4	192000	59.94006
CNB7-5	1	0	0.00000	1	CNB7-5_R9_GX020010_2.MP4	85376	59.94006
EGB1-1	0	0	0.00000	1	EGB1-1_L4_GX010011.MP4	233977	59.94018
EGB1-1	1	0	0.00000	1	EGB1-1_R4_GX010011.MP4	235399	59.94006
EGB1-2	0	0	0.00000	1	EGB1-2_L4_GX010008.MP4	244174	59.94018
EGB1-2	1	0	0.00000	1	EGB1-2_R4_GX010008.MP4	245484	59.94006
EGB1-3	0	0	0.00000	1	EGB1-3_L10__GX010011.MP4	242486	59.94018
EGB1-3	1	0	0.00000	1	EGB1-3_R10__GX010009.MP4	242792	59.94006
EGB1-4	0	0	0.00000	1	EGB1-4_L10_GX010014.MP4	241771	59.94018
EGB1-4	1	0	0.00000	1	EGB1-4_R10_GX010011.MP4	240671	59.94006
EGB1-5	0	0	0.00000	1	EGB1-5_L9_GX010008.MP4	243039	59.94018
EGB1-5	1	0	0.00000	1	EGB1-5_R9_GX010007.MP4	242220	59.94006
EGB2-1	0	0	0.00000	1	EGB2-1_L2_GX010010.MP4	242368	59.94018
EGB2-1	1	0	0.00000	1	EGB2-1_R2_GX010009.MP4	240511	59.94006
EGB2-2	0	0	0.00000	1	EGB2-2_L1_GX010010.MP4	241304	59.94018
EGB2-2	1	0	0.00000	1	EGB2-2_R1_GX010009.MP4	241967	59.94006
EGB2-3	0	0	0.00000	1	EGB2-3_L7_GX010007.MP4	257379	59.94018
EGB2-3	1	0	0.00000	1	EGB2-3_R7_GX010011.MP4	256870	59.94006
EGB2-4	0	0	0.00000	1	EGB2-4_L7_GX010004.MP4	246977	59.94018
EGB2-4	1	0	0.00000	1	EGB2-4_R7_GX010009.MP4	243335	59.94006
EGB2-5	0	0	0.00000	1	EGB2-5_L6_GX010014.MP4	246097	59.94018
EGB2-5	1	0	0.00000	1	EGB2-5_R6_GX010021.MP4	246343	59.94006
EGB3-1	0	0	0.00000	1	EGB3-1_L3_GX010010.MP4	251421	59.94018
EGB3-1	1	0	0.00000	1	EGB3-1_R3_GX010010.MP4	250963	59.94006
EGB3-2	0	0	0.00000	1	EGB3-2_L1_GX010011.MP4	252597	59.94018
EGB3-2	1	0	0.00000	1	EGB3-2_R1_GX010010.MP4	250799	59.94006
EGB3-3	0	0	0.00000	1	EGB3-3_L6_GX010017.MP4	255032	59.94018
EGB3-3	1	0	0.00000	1	EGB3-3_R6_GX010025.MP4	256806	59.94006
EGB3-4	0	0	0.00000	1	EGB3-4_L5_GX010008.MP4	258627	59.94018
EGB3-4	1	0	0.00000	1	EGB3-4_R5_GX010012.MP4	253625	59.94006
EGB3-5	0	0	0.00000	1	EGB3-5_L6_GX010015.MP4	272699	59.94018
EGB3-5	1	0	0.00000	1	EGB3-5_R6_GX010022.MP4	270491	59.94006
EGB5-3	0	0	0.00000	1	EGB5-3_L9_GX010009.MP4	287615	59.94018
EGB5-3	1	0	0.00000	1	EGB5-3_R9_GX010008.MP4	288614	59.94006
EGB5-4	0	0	0.00000	1	EGB5-4_L4_GX010009_1.MP4	291841	59.94018
EGB5-4	0	0	0.00000	1	EGB5-4_L4_GX020009_2.MP4	9492	59.94018
EGB5-4	1	0	0.00000	1	EGB5-4_R4_GX010009_1.MP4	291840	59.94006
EGB5-4	1	0	0.00000	1	EGB5-4_R4_GX020009_2.MP4	9078	59.94006
EGB5-5	0	0	0.00000	1	EGB5-5_L8_GX010008.MP4	291841	59.94018
EGB5-5	1	0	0.00000	1	EGB5-5_R8_GX010002.MP4	291840	59.94006
EGB6-1	0	0	0.00000	1	EGB6-1_L9_GX010010.MP4	266792	59.94018
EGB6-1	1	0	0.00000	1	EGB6-1_R9_GX010009.MP4	265784	59.94006
EGB6-2	0	0	0.00000	1	EGB6-2_L2_GX010012.MP4	267296	59.94018
EGB6-3	0	0	0.00000	1	EGB6-3_L1_GX010012.MP4	267385	59.94018
EGB6-3	1	0	0.00000	1	EGB6-3_R1_GX010011.MP4	270605	59.94006
EGB6-4	0	0	0.00000	1	EGB6-4_L8_GX010009.MP4	270997	59.94018
EGB6-4	1	0	0.00000	1	EGB6-4_R8_GX010003.MP4	271033	59.94006
EGB6-5	0	0	0.00000	1	EGB6-5_L3_GX010011.MP4	184088	59.94018
EGB6-5	1	0	0.00000	1	EGB6-5_R3_GX010011.MP4	274261	59.94006
EGB7-1	0	0	0.00000	1	EGB7-1_L4_GX010010.MP4	269660	59.94018
EGB7-1	1	0	0.00000	1	EGB7-1_R4_GX010010.MP4	269101	59.94006
EGB7-2	0	0	0.00000	1	EGB7-2_L7_GX010006.MP4	259575	59.94018
EGB7-2	1	0	0.00000	1	EGB7-2_R7_GX010010.MP4	257192	59.94006
EGB7-3	0	0	0.00000	1	EGB7-3_L10__GX010013.MP4	243226	59.94018
EGB7-3	1	0	0.00000	1	EGB7-3_R10__GX010010.MP4	241532	59.94006
EGB7-5	0	0	0.00000	1	EGB7-5_L6_GX010016.MP4	249404	59.94018
EGB7-5	1	0	0.00000	1	EGB7-5_R6_GX010024.MP4	244491	59.94006
INB1-1	0	0	0.00000	1	INB1-1_L5_GX010004.MP4	252669	59.94018
INB1-1	1	0	0.00000	1	INB1-1_R5_GX010004.MP4	253317	59.94006
INB1-2	0	0	0.00000	1	INB1-2_L6_GX010010_1.MP4	192000	59.94006
INB1-2	0	0	0.00000	1	INB1-2_L6_GX010010_2.MP4	58956	59.94006
INB1-2	1	0	0.00000	1	INB1-2_R6_GX010017_1.MP4	192000	59.94006
INB1-2	1	0	0.00000	1	INB1-2_R6_GX020017_2.MP4	58189	59.94006
INB1-3	0	0	0.00000	1	INB1-3_R3_GX010005.MP4	252744	59.94018
INB1-4	0	0	0.00000	1	INB1-4_L8_GX010004_1.MP4	199680	59.94018
INB1-4	0	0	0.00000	1	INB1-4_L8_GX020004_2.MP4	56114	59.94018
INB1-5	0	0	0.00000	1	INB1-5_L4_GX010004_1.MP4	195840	59.94018
INB1-5	0	0	0.00000	1	INB1-5_L4_GX020004_2.MP4	62599	59.94018
INB1-5	1	0	0.00000	1	INB1-5_R4_GX010004_1.MP4	195840	59.94006
INB1-5	1	0	0.00000	1	INB1-5_R4_GX020004_2.MP4	63731	59.94006
INB2-1	0	0	0.00000	1	INB2-1_L1_GX010006_1.MP4	192000	59.94018
INB2-1	0	0	0.00000	1	INB2-1_L1_GX020006_2.MP4	68869	59.94018
INB2-1	1	0	0.00000	1	INB2-1_R1_GX010004_1.MP4	192000	59.94006
INB2-1	1	0	0.00000	1	INB2-1_R1_GX020004_2.MP4	69685	59.94006
INB2-2	0	0	0.00000	1	INB2-2_L10__GX010007_1.MP4	192000	59.94018
INB2-2	0	0	0.00000	1	INB2-2_L10__GX020007_2.MP4	66184	59.94018
INB2-2	1	0	0.00000	1	INB2-2_R10__GX010005_1.MP4	192000	59.94006
INB2-2	1	0	0.00000	1	INB2-2_R10__GX020005_2.MP4	67575	59.94006
INB2-3	0	0	0.00000	1	INB2-3_L9_GX010004_1.MP4	195840	59.94018
INB2-3	0	0	0.00000	1	INB2-3_L9_GX020004_2.MP4	68806	59.94018
INB2-3	1	0	0.00000	1	INB2-3_R9_GX010004_1.MP4	195840	59.94006
INB2-3	1	0	0.00000	1	INB2-3_R9_GX020004_2.MP4	68679	59.94006
INB2-4	0	0	0.00000	1	INB2-4_L7_GX010007_1.MP4	195840	59.94018
INB2-4	0	0	0.00000	1	INB2-4_L7_GX020007_2.MP4	69724	59.94018
INB2-5	0	0	0.00000	1	INB2-5_L2_GX010006_1.MP4	195840	59.94018
INB2-5	0	0	0.00000	1	INB2-5_L2_GX020006_2.MP4	66742	59.94018
INB2-5	1	0	0.00000	1	INB2-5_R2_GX010005_1.MP4	195840	59.94006
INB2-5	1	0	0.00000	1	INB2-5_R2_GX020005_2.MP4	69311	59.94006
INB3-1	0	0	0.00000	1	INB3-1_L2_GX010007_1.MP4	192000	59.94018
INB3-1	0	0	0.00000	1	INB3-1_L2_GX020007_2.MP4	55198	59.94018
INB3-1	1	0	0.00000	1	INB3-1_R2_GX010006_1.MP4	192000	59.94006
INB3-1	1	0	0.00000	1	INB3-1_R2_GX020006_2.MP4	48794	59.94006
INB3-2	0	0	0.00000	1	INB3-2_L9_GX010005_1.MP4	195840	59.94018
INB3-2	0	0	0.00000	1	INB3-2_L9_GX020005_2.MP4	46616	59.94018
INB3-3	0	0	0.00000	1	INB3-3_L10__GX010008_1.MP4	192000	59.94018
INB3-3	0	0	0.00000	1	INB3-3_L10__GX020008_2.MP4	55486	59.94018
INB3-3	1	0	0.00000	1	INB3-3_R10__GX010006_1.MP4	195840	59.94006
INB3-3	1	0	0.00000	1	INB3-3_R10__GX020006_2.MP4	50423	59.94006
INB3-4	0	0	0.00000	1	INB3-4_L1_GX010007_1.MP4	203520	59.94018
INB3-4	0	0	0.00000	1	INB3-4_L1_GX020007_2.MP4	44024	59.94018
INB3-4	1	0	0.00000	1	INB3-4_R1_GX010005_1.MP4	195840	59.94006
INB3-4	1	0	0.00000	1	INB3-4_R1_GX020005_2.MP4	51072	59.94006
INB3-5	0	0	0.00000	1	INB3-5_L4_GX010005_1.MP4	251427	59.94018
INB3-5	1	0	0.00000	1	INB3-5_R4_GX010005_2.MP4	250591	59.94006
INB4-1	0	0	0.00000	1	INB4-1_L8_GX010005_1.MP4	207360	59.94018
INB4-1	0	0	0.00000	1	INB4-1_L8_GX020005_2.MP4	38279	59.94018
INB4-2	0	0	0.00000	1	INB4-2_R3_GX010006.MP4	245793	59.94018
INB4-3	0	0	0.00000	1	INB4-3_L6_GX010011_1.MP4	195840	59.94018
INB4-3	0	0	0.00000	1	INB4-3_L6_GX020011_2.MP4	52313	59.94018
INB4-3	1	0	0.00000	1	INB4-3_R6_GX010018_1.MP4	195840	59.94006
INB4-3	1	0	0.00000	1	INB4-3_R6_GX020018_2.MP4	53524	59.94006
INB4-4	0	0	0.00000	1	INB4-4_L5_GX010005_1.MP4	238080	59.94018
INB4-4	0	0	0.00000	1	INB4-4_L5_GX020005_2.MP4	18563	59.94018
INB4-4	1	0	0.00000	1	INB4-4_R5_GX010005.MP4	255757	59.94006
INB4-5	0	0	0.00000	1	INB4-5_L7_GX010001_1.MP4	195840	59.94018
INB4-5	0	0	0.00000	1	INB4-5_L7_GX020001_2.MP4	65919	59.94018
INB4-5	1	0	0.00000	1	INB4-5_R7_GX010006_1.MP4	192000	59.94006
INB4-5	1	0	0.00000	1	INB4-5_R7_GX020006_2.MP4	71618	59.94006
INB5-1	0	0	0.00000	1	INB5-1_L6_GX010012.MP4	256766	59.94018
INB5-1	1	0	0.00000	1	INB5-1_R6_GX010019.MP4	256052	59.94006
INB5-2	0	0	0.00000	1	INB5-2_L3_GX010008.MP4	262714	59.94018
INB5-2	1	0	0.00000	1	INB5-2_R3_GX010007.MP4	262739	59.94006
INB5-3	0	0	0.00000	1	INB5-3_L9_GX010006.MP4	263976	59.94018
INB5-3	1	0	0.00000	1	INB5-3_R9_GX010005.MP4	264239	59.94006
INB5-5	0	0	0.00000	1	INB5-5_L7_GX010002.MP4	279275	59.94018
INB5-5	1	0	0.00000	1	INB5-5_R7_GX010007.MP4	277102	59.94006
INB6-1	0	0	0.00000	1	INB6-1_R5_GX010007_1.MP4	291841	59.94018
INB6-1	0	0	0.00000	1	INB6-1_R5_GX020007_2.MP4	64998	59.94018
INB6-2	0	0	0.00000	1	INB6-2_L8_GX010006_1.MP4	203520	59.94018
INB6-2	0	0	0.00000	1	INB6-2_L8_GX020006_2.MP4	163054	59.94018
INB6-2	1	0	0.00000	1	INB6-2_R8_GX010004_1.MP4	195840	59.94006
INB6-2	1	0	0.00000	1	INB6-2_R8_GX020004_2.MP4	170150	59.94006
INB6-3	0	0	0.00000	1	INB6-3_L4_GX010006_1.MP4	203520	59.94018
INB6-3	0	0	0.00000	1	INB6-3_L4_GX020006_2.MP4	161731	59.94018
INB6-3	1	0	0.00000	1	INB6-3_R4_GX010006_1.MP4	215040	59.94006
INB6-3	1	0	0.00000	1	INB6-3_R4_GX020006_2.MP4	153209	59.94006
INB6-4	0	0	0.00000	1	INB6-4_L1_GX010008_1.MP4	195840	59.94018
INB6-4	0	0	0.00000	1	INB6-4_L1_GX020008_2.MP4	176540	59.94018
INB6-4	1	0	0.00000	1	INB6-4_R1_GX010006_1.MP4	192000	59.94006
INB6-4	1	0	0.00000	1	INB6-4_R1_GX020006_2.MP4	179363	59.94006
INB6-5	0	0	0.00000	1	INB6-5_L10__GX010009_1.MP4	195840	59.94018
INB6-5	0	0	0.00000	1	INB6-5_L10__GX020009_2.MP4	188758	59.94018
INB6-5	1	0	0.00000	1	INB6-5_R10__GX010007_1.MP4	195840	59.94006
INB6-5	1	0	0.00000	1	INB6-5_R10__GX020007_2.MP4	187439	59.94006
INB7-1	0	0	0.00000	1	INB7-1_L6_GX010013.MP4	246917	59.94018
INB7-1	1	0	0.00000	1	INB7-1_R6_GX010020.MP4	248595	59.94006
INB7-2	0	0	0.00000	1	INB7-2_L7_GX010003.MP4	254511	59.94018
INB7-2	1	0	0.00000	1	INB7-2_R7_GX010008.MP4	253963	59.94006
INB7-3	0	0	0.00000	1	INB7-3_L2_GX010009_1.MP4	195840	59.94018
INB7-3	0	0	0.00000	1	INB7-3_L2_GX020009_2.MP4	55789	59.94018
INB7-3	1	0	0.00000	1	INB7-3_R2_GX010008_1.MP4	195840	59.94006
INB7-3	1	0	0.00000	1	INB7-3_R2_GX020008_2.MP4	54578	59.94006
INB7-4	0	0	0.00000	1	INB7-4_L9_GX010007.MP4	252532	59.94018
INB7-4	1	0	0.00000	1	INB7-4_R9_GX010006.MP4	254114	59.94006
INB7-5	0	0	0.00000	1	INB7-5_L3_GX010009_1.MP4	195840	59.94018
INB7-5	0	0	0.00000	1	INB7-5_L3_GX020009_2.MP4	57772	59.94018
INB7-5	1	0	0.00000	1	INB7-5_R3_GX010008_1.MP4	195840	59.94018
INB7-5	1	0	0.00000	1	INB7-5_R3_GX020008_2.MP4	58247	59.94018
